4294967294,183
27,5
27,4
27,3
27,2
27,1
27,0
4294967279,343
4294967278,533
4294967279,342
4294967278,532
26,5
26,4
26,3
26,2
26,1
26,0
4294967278,531
4294967278,530
4294967279,341
4294967278,529
4294967279,340
4294967278,528
4294967279,339
4294967278,527
25,5
25,4
25,3
25,2
25,1
25,0
4294967278,526
4294967279,338
4294967294,470
4294967278,525
4294967279,337
24,5
24,4
24,3
24,2
24,1
24,0
4294967279,336
4294967278,524
4294967279,335
4294967278,523
23,5
23,4
23,3
23,2
23,1
23,0
4294967279,334
4294967278,522
4294967279,333
4294967278,521
4294967279,332
22,5
22,4
22,3
22,2
22,1
22,0
4294967279,331
4294967278,520
4294967278,519
21,5
21,4
21,3
21,2
21,1
21,0
4294967278,518
4294967278,517
4294967279,330
4294967279,329
4294967278,516
20,5
20,4
20,3
20,2
20,1
20,0
4294967278,515
4294967279,328
4294967279,327
4294967278,514
4294967279,326
19,6
19,5
19,4
19,3
19,2
19,1
19,0
4294967279,325
4294967279,324
4294967279,323
4294967278,513
4294967279,322
4294967279,321
4294967279,320
18,5
4294967278,512
18,4
18,3
18,2
18,1
18,0
4294967279,319
4294967278,319
4294967279,318
4294967278,318
4294967279,317
4294967278,317
17,4
4294967279,316
17,3
17,2
17,1
17,0
4294967278,316
4294967279,315
4294967279,314
4294967279,313
4294967278,315
4294967278,314
4294967279,312
4294967279,311
16,6
16,5
16,4
16,3
16,2
16,1
16,0
4294967279,310
4294967294,1147
4294967294,1146
15,5
15,4
15,3
15,2
15,1
15,0
4294967294,81
4294967279,309
9,5
4294967279,308
4294967279,307
4294967279,306
14,6
14,5
14,4
14,3
14,2
14,1
14,0
4294967279,305
4294967279,304
4294967279,303
4294967279,302
4294967279,301
13,5
13,4
13,3
13,2
13,1
13,0
4294967279,300
4294967279,299
8,5
4294967279,298
4294967279,297
4294967279,296
4294967279,295
12,6
12,5
12,4
12,3
12,2
12,1
12,0
4294967279,294
4294967279,293
4294967279,292
11,5
11,4
11,3
11,2
11,1
11,0
4294967279,291
4294967279,290
6,5
4294967279,289
4294967279,288
4294967279,287
10,5
10,4
10,3
10,2
10,1
10,0
4294967294,971
4294967279,286
4294967279,285
4,5
4294967279,284
9,4
9,3
9,2
9,1
9,0
4294967279,283
8,4
8,3
8,2
8,1
8,0
4294967279,282
7,5
7,4
7,3
7,2
7,1
7,0
6,4
6,3
6,2
6,1
6,0
5,5
5,4
5,3
5,2
5,1
5,0
4,4
4,3
4,2
4,1
4,0
4294967279,281
4294967279,280
3,5
3,4
3,3
3,2
3,1
3,0
2,4
2,3
2,2
2,1
2,0
4294967294,469
4294967279,279
4294967279,278
4294967293,131
4294967293,130
4294967293,129
4294967293,128
4294967293,127
4294967293,126
4294967293,125
4294967293,124
4294967293,123
4294967293,122
4294967293,121
4294967293,120
4294967293,119
4294967293,118
4294967293,117
4294967293,116
4294967293,115
4294967293,114
4294967293,113
4294967293,112
4294967293,111
4294967293,110
4294967293,109
4294967293,108
4294967293,107
4294967293,106
4294967293,105
4294967293,104
4294967293,103
4294967293,102
4294967293,101
4294967293,100
4294967293,99
4294967293,98
4294967293,97
4294967293,96
4294967293,95
4294967293,94
4294967293,93
4294967293,92
4294967293,91
4294967293,90
4294967293,89
4294967293,88
4294967293,87
4294967293,86
4294967293,85
4294967293,84
4294967293,83
4294967293,82
4294967293,81
4294967293,80
4294967293,79
4294967293,78
4294967293,77
4294967293,76
4294967293,75
4294967293,74
4294967293,73
4294967293,72
4294967293,71
4294967293,70
4294967293,69
4294967293,68
4294967293,67
4294967293,66
4294967293,65
4294967293,64
4294967293,63
4294967293,62
4294967293,61
4294967293,60
4294967293,59
4294967293,58
4294967293,57
4294967293,56
4294967293,55
4294967293,54
4294967293,53
4294967293,52
4294967293,51
4294967293,50
4294967293,49
4294967293,48
4294967293,47
4294967293,46
4294967293,45
4294967293,44
4294967293,43
4294967293,42
4294967293,41
4294967293,40
4294967293,39
4294967293,38
4294967293,37
4294967293,36
4294967293,35
4294967293,34
4294967293,33
4294967293,32
4294967293,31
4294967293,30
4294967293,29
4294967293,28
4294967293,27
4294967293,26
4294967293,25
4294967293,24
4294967293,23
4294967293,22
4294967293,21
4294967293,20
4294967293,19
4294967293,18
4294967293,17
4294967293,16
4294967293,15
4294967293,14
4294967293,13
4294967293,12
4294967293,11
4294967293,10
4294967293,9
4294967293,8
4294967293,7
4294967293,6
4294967293,5
4294967293,4
4294967293,3
4294967293,2
4294501266,0
4294501265,0
4294501264,0
4294501263,0
4294501262,0
4294501261,0
4294501260,0
4294501259,0
4294501258,0
4294501257,0
4294967293,0
4294967278,339
4294967278,338
4294967278,337
4294967278,336
4294967278,335
4294967278,334
4294967278,333
4294967278,332
4294967278,331
4294967278,330
4294967278,329
4294967278,328
4294967278,327
4294967278,326
4294967278,325
4294967278,324
4294967278,323
4294967278,322
4294967278,321
4294967278,320
4294967278,447
4294967278,446
4294967278,445
4294967278,444
4294967278,443
4294967278,442
4294967278,441
4294967278,440
4294967278,439
4294967278,438
4294967278,437
4294967278,436
4294967278,435
4294967278,434
4294967278,433
4294967278,432
4294967278,431
4294967278,430
4294967278,429
